0,3.46683669090271
0,3.5472524166107178
0,3.416057586669922
0,3.1560869216918945
1,3.459071159362793
2,9.127955436706543
3,2.6599371433258057
4,3.2159950733184814
5,2.5608460903167725
6,3.088515281677246
7,3.549329996109009
8,2.876471757888794
9,3.3886287212371826
10,2.724257230758667
11,3.0382540225982666
12,2.1660373210906982
13,2.7711172103881836
14,4.088679313659668
15,2.3412225246429443
16,3.512465476989746
17,2.979468822479248
18,2.765176773071289
19,3.0823287963867188
20,3.658475160598755
21,3.9369943141937256
22,4.119213104248047
23,3.225558280944824
24,3.446274518966675
25,3.229640007019043
26,3.5872139930725098
27,3.0988948345184326
28,3.206387758255005
29,3.2166357040405273
30,3.1653025150299072
31,3.313753604888916
32,2.922057867050171
33,3.3111844062805176
34,3.143723964691162
35,3.136545181274414
36,3.271573066711426
37,3.225496530532837
38,2.9278528690338135
39,3.121575355529785
40,3.3882436752319336
41,2.7773499488830566
42,3.7357358932495117
43,3.3719325065612793
44,3.033090353012085
45,3.4675800800323486
46,4.066267967224121
47,2.1705400943756104
48,3.100980758666992
49,3.215885877609253
50,3.0774245262145996
51,3.410560369491577
52,3.2936923503875732
53,3.253476142883301
54,3.177436590194702
55,3.249790906906128
56,3.122096300125122
57,3.149700403213501
58,3.3178272247314453
59,3.231964111328125
60,3.140916109085083
61,3.3917582035064697
62,3.2094664573669434
63,3.160956621170044
64,3.299258232116699
65,3.2227752208709717
66,3.26139497756958
67,3.539891481399536
68,3.160268545150757
69,3.0101184844970703
70,3.1070778369903564
71,3.2465102672576904
72,2.4704670906066895
73,2.9515798091888428
74,2.7071924209594727
75,3.1481828689575195
76,2.9845128059387207
77,3.1804592609405518
78,2.5182833671569824
79,2.976595401763916
80,2.869978427886963
81,2.964090585708618
82,4.193929672241211
83,2.956080913543701
84,2.082113742828369
85,1.9864460229873657
86,3.153691530227661
87,2.929762601852417
88,2.5624265670776367
89,4.62794828414917
90,1.7673895359039307
91,3.4478862285614014
92,3.262721300125122
93,3.0053956508636475
94,2.926515579223633
95,3.4024746417999268
96,3.415287494659424
97,3.1106529235839844
98,3.527296781539917
99,3.1095564365386963
100,3.3503620624542236
101,3.130862236022949
102,2.8784496784210205
103,3.33259916305542
104,3.3719215393066406
105,3.1946184635162354
106,3.1684658527374268
107,3.1054859161376953
108,3.049086332321167
109,2.72442364692688
110,3.635598659515381
111,3.7085421085357666
112,3.0853331089019775
113,2.654670000076294
114,2.8586456775665283
115,2.962886095046997
116,3.6363353729248047
117,2.874784231185913
118,3.44096040725708
119,3.912060499191284
120,2.9242846965789795
121,4.030630111694336
122,2.95917010307312
123,3.126243829727173
124,2.9098117351531982
125,2.825104236602783
126,3.374180316925049
127,3.2816896438598633
128,3.3904380798339844
129,2.655000686645508
130,3.7722511291503906
131,1.8376731872558594
132,3.3382997512817383
133,4.636295318603516
134,3.0032315254211426
135,4.244192600250244
136,3.244697093963623
137,3.135632276535034
138,3.5371181964874268
139,2.9996941089630127
140,3.1638145446777344
141,3.8435988426208496
142,3.5202884674072266
143,3.0191829204559326
144,3.069146156311035
145,3.2840845584869385
146,3.200259208679199
147,3.538867235183716
148,3.288499355316162
149,3.151501417160034
150,3.3882598876953125
151,3.0410492420196533
152,3.4907233715057373
153,3.0551838874816895
154,2.356560230255127
155,2.918109178543091
156,3.1461641788482666
157,3.0840675830841064
158,3.158690929412842
159,3.273279905319214
160,4.4342169761657715
161,5.731682777404785
162,4.193855285644531
163,3.423661708831787
164,3.8678293228149414
165,3.3288426399230957
166,3.13041090965271
167,3.2704968452453613
168,3.2434847354888916
169,3.314235210418701
170,3.269601345062256
171,3.107145309448242
172,2.917041301727295
173,3.1819329261779785
174,3.277545928955078
175,3.320669174194336
176,2.4490392208099365
177,2.882152795791626
178,2.5885212421417236
179,3.1536178588867188
180,3.5202298164367676
181,2.9305927753448486
182,2.316016674041748
183,3.599599599838257
184,3.390176296234131
185,3.7228636741638184
186,3.3266303539276123
187,3.7939205169677734
188,3.029653310775757
189,3.97653865814209
190,4.392000198364258
191,2.967895984649658
192,3.0056378841400146
193,3.4072344303131104
194,3.2472262382507324
195,3.015052556991577
196,3.4359700679779053
197,3.005138397216797
198,3.287437677383423
199,3.088263988494873
200,3.1677191257476807
201,3.442838430404663
202,3.171372175216675
203,3.355482339859009
204,3.5074868202209473
205,3.259249210357666
206,3.0878565311431885
207,3.272138833999634
208,3.442960262298584
209,3.218524932861328
210,3.2223093509674072
211,3.169283151626587
212,2.84371018409729
213,3.030792236328125
214,3.1646039485931396
215,3.4366862773895264
216,3.03814435005188
217,3.0519604682922363
218,2.825620412826538
219,3.234516143798828
220,3.222378730773926
221,2.8949074745178223
222,3.2691123485565186
223,3.117478370666504
224,1.7386417388916016
225,2.885605812072754
226,2.9995346069335938
227,3.5344784259796143
228,2.583867311477661
229,3.3772881031036377
230,2.1320953369140625
231,2.977471113204956
232,4.217971324920654
233,3.6752724647521973
234,4.075310707092285
235,2.865602493286133
236,3.111614465713501
237,3.6250128746032715
238,3.536994695663452
239,3.4559969902038574
240,3.163938045501709
241,3.8863775730133057
242,2.922015905380249
243,3.4435293674468994
244,3.608353614807129
245,3.0556700229644775
246,2.6245436668395996
247,3.1096980571746826
248,2.8706424236297607
249,3.2964959144592285
250,2.761535167694092
251,3.062612533569336
252,2.9136812686920166
253,3.146512985229492
254,3.6617157459259033
255,3.1772167682647705
256,2.6768205165863037
257,2.973827600479126
258,2.59605073928833
259,2.859170436859131
260,2.568592071533203
261,2.674156904220581
262,3.8391942977905273
263,3.5427026748657227
264,3.6773862838745117
265,3.899686813354492
266,2.679625988006592
267,3.2999675273895264
268,3.3223652839660645
269,3.102551221847534
270,3.5136470794677734
271,2.877728223800659
272,2.798708915710449
273,2.629375457763672
274,3.877513885498047
275,2.4986655712127686
276,2.6958043575286865
277,3.0060935020446777
278,3.0418636798858643
279,2.351658344268799
280,2.5566511154174805
281,4.361194133758545
282,3.6807384490966797
283,2.2192435264587402
284,2.277601718902588
285,3.188267707824707
286,3.785069465637207
287,3.512373924255371
288,3.924286127090454
289,2.635575532913208
290,3.30549955368042
291,2.246047258377075
292,3.037853479385376
293,3.013169527053833
294,3.2532904148101807
295,2.4198055267333984
296,3.751023054122925
297,2.599339008331299
298,3.1690969467163086
299,2.7356069087982178
300,2.7765259742736816
301,2.797123432159424
302,3.101245880126953
303,2.8367490768432617
304,3.613595962524414
305,2.2039427757263184
306,2.987399101257324
307,2.4188971519470215
308,3.792511463165283
309,3.253241777420044
310,2.938235282897949
311,2.658787488937378
312,2.895836114883423
313,3.320892333984375
314,3.1789438724517822
315,3.216444492340088
316,3.020019054412842
317,2.9657142162323
318,2.9100124835968018
319,2.7223546504974365
320,2.850069046020508
17800,0.37583744525909424
17801,0.3671601414680481
17802,0.6062422394752502
17803,1.3741168975830078
17804,0.37347012758255005
17805,0.8896040320396423
17806,1.8682975769042969
17807,0.33789515495300293
17808,0.3905872106552124
17809,0.34350937604904175
17810,1.2885335683822632
